505 505 255
10 10 10
1
505 505 255
505 505
48
435.096 33.3412 106 17 29
197.076 283.919 254 20 23
257.233 346.904 197 21 22
138.474 100.609 102 6 51
376.672 334.262 86 6 26
188.51 210.844 193 22 35
333.512 457.309 190 16 17
476.691 122.019 42 8 35
430.609 153.759 50 7 28
149.238 2.26157 139 19 36
102.685 390.141 104 19 22
229.736 130.438 151 7 18
443.348 217.344 61 22 50
137.557 324.881 153 25 46
220.727 304.837 240 21 21
314.086 285.634 154 24 49
103.675 87.1374 81 11 24
72.8171 461.764 171 7 44
104.43 14.5573 159 21 33
290.6 31.7598 102 13 46
352.572 332.701 99 11 39
162.462 47.8602 153 15 34
54.04 415.802 147 11 46
148.786 490.818 126 23 18
111.815 102.902 90 8 50
65.5967 94.4087 52 7 18
494.035 276.12 17 19 32
432.371 191.945 83 14 21
17.4842 74.4713 56 16 45
482.239 221.616 47 13 24
198.232 362.994 178 14 26
31.7257 116.858 52 14 17
239.606 151.897 189 13 51
341.792 207.243 161 6 51
179.835 503.99 116 17 49
371.462 437.802 123 10 15
160.755 57.8252 162 15 50
371.123 52.1162 87 18 23
244.281 397.232 197 10 12
444.564 344.261 13 8 17
44.9312 397.001 121 23 25
85.3168 472.749 145 17 25
468.959 404.244 28 20 46
321.261 76.3913 101 5 29
90.7044 502.072 116 15 36
91.9372 486.775 127 15 32
59.7381 357.954 95 12 28
298.164 328.641 161 11 35
